2008_000008.jpg 53,87,471,420,12 158,44,289,167,14
2008_000015.jpg 270,1,378,176,4 57,1,164,150,4
2008_000019.jpg 139,2,372,197,11 165,66,318,236,11 361,1,480,112,11
2008_000023.jpg 6,1,314,262,19 40,97,121,411,4 137,36,169,109,14 180,36,216,104,14 96,39,123,103,14
2008_000028.jpg 158,199,231,240,6 47,202,94,238,6
2008_000033.jpg 104,61,476,257,0
2008_000036.jpg 120,1,203,35,1 117,38,273,121,1 206,74,395,237,14 24,2,500,188,3 1,187,500,282,3
2008_000037.jpg 47,157,450,282,0
2008_000041.jpg 271,170,386,234,14 295,189,328,231,14 206,176,256,236,14 122,162,198,330,14 457,212,500,297,14 438,173,500,243,14 351,272,452,375,8 265,250,353,364,8 189,260,286,375,8 149,224,402,331,10 54,189,84,214,15 358,188,469,359,14
2008_000045.jpg 45,42,455,342,18
2008_000053.jpg 54,2,500,375,11
2008_000060.jpg 1,32,343,336,7
2008_000066.jpg 1,9,439,500,11
2008_000070.jpg 180,260,213,293,19 367,244,447,353,8 255,247,371,375,8
2008_000074.jpg 46,178,387,335,6
2008_000085.jpg 1,1,395,375,6
2008_000089.jpg 71,18,307,494,8
2008_000093.jpg 392,3,479,95,19 307,178,412,280,8 328,194,473,328,8 143,163,320,247,17 1,173,145,317,17
2008_000095.jpg 251,161,287,270,2
2008_000096.jpg 1,1,500,375,14 96,124,416,375,7
2008_000097.jpg 101,203,181,274,2
2008_000099.jpg 122,11,336,223,11 98,176,425,357,16
2008_000103.jpg 156,48,287,338,2
2008_000105.jpg 215,182,377,240,6
2008_000109.jpg 293,70,420,197,13 41,95,444,375,6 228,90,338,365,14
2008_000112.jpg 83,74,386,320,7 324,1,394,116,4
2008_000128.jpg 11,29,500,375,17 1,85,361,375,14 92,173,212,357,14
2008_000131.jpg 185,119,332,180,2
2008_000132.jpg 431,106,474,253,14 39,111,81,262,14 1,255,500,375,5
2008_000141.jpg 94,9,500,333,12 42,167,75,223,14
2008_000142.jpg 109,75,494,333,12 93,159,105,188,14 36,100,129,333,14
2008_000143.jpg 370,105,417,122,6 392,111,500,177,6 1,252,500,332,6 129,80,236,249,13 102,25,212,214,14
2008_000144.jpg 147,113,359,287,13 185,56,287,241,14
2008_000148.jpg 1,154,57,230,3
2008_000151.jpg 244,225,275,261,0
2008_000154.jpg 39,194,111,295,4
2008_000162.jpg 47,20,494,500,11
2008_000176.jpg 5,110,500,346,6 200,127,302,349,14
2008_000181.jpg 46,76,423,321,7
2008_000185.jpg 256,65,302,105,14 159,43,465,272,6
2008_000187.jpg 160,119,443,203,6
2008_000188.jpg 45,59,395,375,15
2008_000189.jpg 254,82,306,117,14 53,55,389,295,6
2008_000191.jpg 200,152,333,183,3 68,185,94,215,14 23,180,55,250,14 57,194,151,255,1
2008_000192.jpg 249,57,441,246,2
2008_000193.jpg 103,127,323,204,6 230,130,254,157,14
2008_000196.jpg 348,7,500,309,1 340,105,500,306,15 432,1,465,58,4 481,12,500,42,4 1,1,206,310,1 193,155,278,304,7
2008_000197.jpg 95,134,230,203,0
2008_000199.jpg 412,59,500,354,14 229,85,386,188,6
2008_000202.jpg 60,58,125,140,14 145,38,252,333,14 245,152,342,280,14 337,140,461,306,14 17,39,159,157,19 430,258,454,322,4 14,169,94,258,8
2008_000207.jpg 72,54,253,434,14
2008_000217.jpg 64,39,259,375,14 238,54,423,375,14
2008_000226.jpg 386,167,407,231,14 310,144,335,209,14 284,96,306,152,14 311,87,334,109,14 152,156,303,219,6
2008_000227.jpg 120,152,424,346,7 194,1,384,121,8 1,90,468,375,10
2008_000235.jpg 286,98,371,225,14 111,171,488,278,3
2008_000236.jpg 62,23,382,296,14
2008_000237.jpg 75,15,93,37,15 1,137,32,172,13 180,103,319,162,6 252,293,288,375,14 209,333,245,375,14
2008_000238.jpg 1,84,479,375,5
2008_000252.jpg 184,58,339,375,14 443,109,471,181,14 165,121,204,197,14 1,130,47,170,6 194,14,500,195,5
2008_000255.jpg 81,284,100,331,14
2008_000259.jpg 161,144,238,338,14 234,138,293,344,14 369,146,424,278,14
2008_000260.jpg 191,101,242,254,14 303,87,500,231,6 1,80,147,222,6 65,107,183,198,6 223,110,259,145,6
2008_000262.jpg 23,143,430,330,3
2008_000266.jpg 16,41,165,333,14 77,95,161,333,14 144,57,266,333,14 220,56,292,245,14 250,82,347,327,14 262,53,453,333,14
2008_000273.jpg 184,50,443,285,11 1,158,240,319,11 1,1,464,110,8 1,1,223,161,8
2008_000275.jpg 167,187,192,274,14 184,190,202,272,14 197,187,231,280,14 224,187,246,228,14 250,203,272,271,14 322,199,342,269,14 474,15,500,41,15 441,16,472,37,15
2008_000283.jpg 32,95,170,333,14 387,126,436,227,14
2008_000284.jpg 121,20,419,375,14 10,1,128,323,15
2008_000287.jpg 285,100,426,321,15 3,27,226,303,15
2008_000289.jpg 47,149,185,500,14
2008_000290.jpg 65,49,390,358,14 389,156,481,371,4 7,297,500,371,10
2008_000291.jpg 2,196,217,251,0 392,198,439,220,0
2008_000297.jpg 2,87,302,296,14 87,205,230,331,8 260,188,372,331,8 5,141,121,293,8 225,113,355,335,14
2008_000309.jpg 1,40,98,222,19 240,159,413,329,19
2008_000311.jpg 240,66,440,306,14 21,74,244,309,14 57,302,500,333,10 70,141,105,173,14 215,117,276,194,14
2008_000313.jpg 73,45,332,375,14
2008_000315.jpg 208,209,263,235,6 347,200,384,220,6 379,178,439,217,5 132,208,141,234,14 138,216,147,233,14 285,199,306,212,13
2008_000316.jpg 75,95,396,375,14
2008_000318.jpg 1,79,382,500,2
2008_000330.jpg 88,59,500,375,11 165,1,500,375,14
2008_000335.jpg 93,89,360,260,9 1,93,110,224,9 441,173,489,191,9 360,175,391,189,9
2008_000336.jpg 115,119,317,316,11
2008_000338.jpg 338,72,500,375,14 12,56,185,375,14 130,236,342,375,10
2008_000342.jpg 114,258,147,356,14
2008_000343.jpg 359,162,410,301,14 1,1,332,338,18 422,180,438,223,14
2008_000346.jpg 123,67,216,309,14 186,130,462,330,6 1,98,133,290,6
2008_000348.jpg 185,157,279,265,19 274,82,364,200,19
2008_000350.jpg 155,42,479,405,2 14,170,181,500,2
2008_000356.jpg 141,195,211,241,6
2008_000361.jpg 67,62,405,334,2
2008_000364.jpg 99,123,275,375,14 219,139,404,370,14
2008_000365.jpg 168,129,263,225,14
2008_000371.jpg 189,129,374,276,12 191,146,216,179,12 259,95,305,208,14
2008_000380.jpg 337,208,500,375,14 140,249,325,375,14 26,269,154,375,14
2008_000392.jpg 115,161,226,500,14 315,178,375,500,14 282,179,334,388,14
2008_000393.jpg 69,94,137,313,14 144,106,208,315,14 221,122,282,317,14 17,110,67,243,14 426,167,460,229,14 430,218,490,320,14 384,162,429,225,14 208,116,241,173,14 267,131,297,195,14 347,150,383,240,14 196,178,355,307,13 274,163,380,293,13 108,91,149,167,14 1,112,25,156,14 429,228,439,246,4 423,226,431,248,4 418,230,427,250,4 410,229,419,261,4
2008_000397.jpg 1,333,189,500,8 17,284,375,500,10 61,269,216,469,8 150,259,267,443,8 321,257,375,419,8
2008_000399.jpg 25,87,378,201,6
2008_000400.jpg 216,157,297,234,2
2008_000405.jpg 383,102,500,139,3 88,101,383,138,3 1,97,87,138,3
2008_000415.jpg 1,132,255,375,14
2008_000416.jpg 69,169,279,499,14 303,169,375,500,14
2008_000421.jpg 1,171,308,375,14 61,161,414,375,14 409,128,426,158,4 1,141,446,375,17 156,106,488,375,14
2008_000422.jpg 25,36,300,407,14
2008_000426.jpg 25,1,500,332,14
2008_000428.jpg 1,43,378,237,12
2008_000432.jpg 215,2,446,375,14 36,1,142,200,8
2008_000435.jpg 1,237,447,335,10 78,36,218,240,14 200,12,389,243,14 164,174,255,246,14
2008_000436.jpg 97,66,301,335,14
2008_000437.jpg 65,342,151,375,3 99,337,172,364,3
2008_000442.jpg 10,24,332,414,14 1,1,315,447,14
2008_000443.jpg 35,1,309,409,14
2008_000445.jpg 44,139,266,405,14
2008_000447.jpg 84,156,260,409,14 59,27,307,447,14
2008_000448.jpg 1,16,278,500,14 81,255,347,500,14
2008_000455.jpg 1,1,500,333,14
2008_000461.jpg 3,8,500,375,14 7,82,137,280,14 3,109,49,222,14 94,79,151,188,14 126,84,186,218,14
2008_000470.jpg 1,1,340,325,18
2008_000471.jpg 209,100,337,261,3 326,79,359,112,3 90,83,128,136,3 164,83,197,127,3 194,78,219,121,3 261,85,285,128,3
2008_000480.jpg 150,108,213,289,14 323,123,393,256,14 462,138,482,178,14 479,138,496,184,14
2008_000488.jpg 307,287,486,347,6 44,288,61,304,15 25,284,37,306,15
2008_000491.jpg 151,1,308,256,15 185,1,313,290,15 229,1,500,330,15
2008_000493.jpg 108,132,251,375,14 177,76,471,375,14 314,161,371,242,14 1,65,500,375,17 327,1,462,120,10 444,41,500,121,8
2008_000495.jpg 1,53,157,206,19 273,240,500,375,8 401,124,434,179,4
2008_000499.jpg 113,144,339,277,12 226,105,287,221,14
2008_000502.jpg 99,18,397,391,7 38,182,240,483,7
2008_000505.jpg 17,81,318,375,3
2008_000512.jpg 53,50,352,498,2
2008_000514.jpg 37,103,250,333,14 237,105,404,333,14 374,101,500,333,14
2008_000515.jpg 142,32,429,477,2 1,1,106,351,2
2008_000527.jpg 1,48,294,369,14
2008_000531.jpg 99,183,203,263,1 106,130,191,257,14 247,156,466,239,6
2008_000540.jpg 156,118,402,375,14
2008_000544.jpg 227,1,488,333,14
2008_000545.jpg 252,170,364,243,13 294,137,339,221,14
2008_000548.jpg 47,113,196,500,14 179,142,278,500,14
2008_000552.jpg 3,77,385,330,12 157,13,304,167,14
2008_000559.jpg 1,1,500,375,11
2008_000561.jpg 225,244,426,476,14 16,96,264,476,14 98,3,299,397,14 236,21,390,290,14 319,72,499,465,14
2008_000563.jpg 217,83,328,221,6 60,55,308,482,14 1,240,197,492,13
2008_000567.jpg 103,51,412,289,3
2008_000572.jpg 1,1,148,260,14 348,199,500,325,8
2008_000578.jpg 54,192,386,375,19 103,68,270,199,14 1,136,54,375,8
2008_000583.jpg 213,100,272,300,14 248,88,310,289,14 353,118,411,144,6 418,126,454,146,13
2008_000584.jpg 177,144,244,342,14
2008_000585.jpg 1,5,499,375,0
2008_000588.jpg 151,55,393,323,14 33,1,287,338,14 169,45,479,373,8 1,77,188,375,8
2008_000595.jpg 43,358,368,489,6